%YAML:1.0
# data
# the tum dataset directory, change it to yours! 
dataset_dir: /home/icey/dataset/V1_02_medium/mav0/cam0

# camera intrinsics
# fr1
camera.fx: 458.654
camera.fy: 457.296
camera.cx: 367.215
camera.cy: 248.375
distortion_coefficients1: -0.28340811
distortion_coefficients2: 0.07395907
distortion_coefficients3: 0.00019359
distortion_coefficients4: 1.76187114e-05

init_R: [-0.3222673184062916, -0.9460652815132602, 0.03323038673343787,
        -0.3890522682177243, 0.1003616669290551, -0.9157324218383149,
        0.8630075944520199, -0.308038989295929, -0.4004121289267856]
init_t: [2.346026439949247,
        1.422413274927863,
        0.5653941661421517]

camera.depth_scale: 5000

# VO Parameters
number_of_features: 40
scale_factor: 1.2
level_pyramid: 4
match_ratio: 4
max_num_lost: 10
min_inliers: 30
keyframe_rotation: 0.01
keyframe_translation: 0.01
map_point_erase_ratio: 0.1
